E
2
2
2
2
2
2
2
2
2
2
2
2
2
2
2
2
2
2
2
2
2
2
2
2
2
2
2
2
2
2
2
2
2
2
2
2
2
2
2
2
2
2
2
2
2
2
2
2
2
2
2
2
2
2
2
2
2
2
2
2
2
2
2
2
2
2
2
2
2
2
2
2
2
2
2
2
2
2
2
2
2
2
2
2
2
2
2
2
2
2
2
2
2
2
2
2
2
3
3
3
3
3
3
3
3
2
2
2
2
2
2
2
2
2
2
2
2
2
3
7
7
7
7
7
7
3
2
2
2
2
2
2
2
2
2
2
2
2
2
3
7
7
7
7
7
7
3
2
2
2
2
2
2
2
2
2
2
2
2
2
3
7
7
7
7
8
7
3
2
2
2
2
2
6
2
2
2
2
2
2
2
3
7
7
7
7
7
7
3
2
2
2
2
2
7
2
2
2
2
2
2
2
3
7
1
7
7
7
7
3
2
2
2
2
2
7
2
2
2
2
2
2
2
3
7
7
7
7
7
7
3
2
2
2
2
2
1
2
2
2
2
2
2
2
3
7
7
7
1
7
7
3
2
2
2
2
2
7
2
2
2
2
2
2
2
3
7
7
7
7
7
7
3
2
2
2
2
2
7
2
2
2
2
2
2
2
3
7
7
7
7
8
7
3
2
2
2
2
2
7
2
2
2
2
2
2
2
3
7
7
7
7
7
7
3
2
2
2
2
2
1
2
2
2
2
2
2
2
3
3
3
5
3
3
3
3
2
2
2
2
2
7
2
2
2
2
2
2
2
2
2
2
7
2
2
2
2
2
2
2
2
2
7
2
2
2
2
2
2
2
2
2
2
1
2
2
2
2
2
2
2
2
2
7
7
7
7
7
1
7
7
7
7
7
7
2
2
2
2
2
2
2
2
2
2
2
2
2
2
2
2
2
2
2
2
2
2
2
2
2
2
2
2
2
2
2
2
2
2
2
2
2
2
2
2
2
2
2
2
2
2
